m, n:
14 18 
c:
-1.0  -1.0 -1.0 
0.0  0.0  0.0   
0.0  0.0 0.0  
0.0  0.0 0.0
0.0  0.0 0.0  
0.0  0.0 0.0
A:
1.0  0.0 0.0 
-1.0  0.0  0.0   
0.0  0.0 0.0  
0.0  0.0 0.0
0.0  0.0 0.0  
0.0  0.0 0.0

0.0  1.0 0.0 
0.0  -1.0  -1.0   
0.0  0.0 0.0  
0.0  0.0 0.0
0.0  0.0 0.0  
0.0  0.0 0.0

0.0  0.0 1.0 
0.0  0.0  0.0   
-1.0  0.0 0.0  
0.0  0.0 0.0
0.0  0.0 0.0  
0.0  0.0 0.0

0.0  0.0 0.0 
1.0  1.0 0.0   
0.0  -1.0 0.0  
0.0  0.0 0.0
0.0  0.0 0.0  
0.0  0.0 0.0

0.0  0.0 0.0 
0.0  0.0 1.0   
1.0  0.0 -1.0  
0.0  0.0 0.0
0.0  0.0 0.0  
0.0  0.0 0.0

1.0  0.0 0.0 
0.0  0.0 0.0   
0.0  0.0 0.0  
1.0  0.0 0.0
0.0  0.0 0.0  
0.0  0.0 0.0

0.0  1.0 0.0 
0.0  0.0 0.0   
0.0  0.0 0.0  
0.0  1.0 0.0
0.0  0.0 0.0  
0.0  0.0 0.0

0.0  0.0 1.0 
0.0  0.0 0.0   
0.0  0.0 0.0  
0.0  0.0 1.0
0.0  0.0 0.0  
0.0  0.0 0.0

0.0  0.0 0.0 
1.0  0.0 0.0   
0.0  0.0 0.0  
0.0  0.0 0.0
1.0  0.0 0.0  
0.0  0.0 0.0

0.0  0.0 0.0 
0.0  1.0 0.0   
0.0  0.0 0.0  
0.0  0.0 0.0
0.0  1.0 0.0  
0.0  0.0 0.0

0.0  0.0 0.0 
0.0  0.0 1.0   
0.0  0.0 0.0  
0.0  0.0 0.0
0.0  0.0 1.0  
0.0  0.0 0.0

0.0  0.0 0.0 
0.0  0.0 0.0   
1.0  0.0 0.0  
0.0  0.0 0.0
0.0  0.0 0.0  
1.0  0.0 0.0

0.0  0.0 0.0 
0.0  0.0 0.0   
0.0  1.0 0.0  
0.0  0.0 0.0
0.0  0.0 0.0  
0.0  1.0 0.0

0.0  0.0 0.0 
0.0  0.0 0.0   
0.0  0.0 1.0  
0.0  0.0 0.0
0.0  0.0 0.0  
0.0  0.0 1.0
b:
0.0  0.0 0.0 
0.0  0.0 3.0   
2.0  2.0 1.0  
2.0  2.0 1.0
3.0  4.0
epsilon:
0.001

